INITIAL POSITIONS FOR PSM1, PSM2, PSM3

PSM1: 0.51408688, -0.44440466,  0.11569388,  0.78298225,  0.6644633, 0.88600079

PSM2: -0.57006125, -0.36600348,  0.13136603,  3.62281315,  0.2317355, -0.06130089

PSM3: 0.59405578, -0.24744408,  0.17206953, -0.88363342, -0.00874474, -0.11612247
